1834c1834
<   'wb_numeric'                10000     100              10000000  12345.06789            1.111100e+02     1.111113000000000e+04             $1,000.00
---
>   'wb_numeric'                10000     100              10000000  12345.06789            1.111100e+02     1.111113000000000e+04               $500.00
1842c1842
<   'wb_numeric'                10000     100              10000000  12345.06789            1.111100e+02     1.111113000000000e+04             $1,000.00
---
>   'wb_numeric'                10000     100              10000000  12345.06789            1.111100e+02     1.111113000000000e+04               $500.00
1870c1870
<   'wb_numeric'                10000     100              10000000  12345.06789            1.111100e+02     1.111113000000000e+04             $1,000.00
---
>   'wb_numeric'                10000     100              10000000  12345.06789            1.111100e+02     1.111113000000000e+04               $500.00
1878c1878
<   'wb_numeric'                10000     100              10000000  12345.06789            1.111100e+02     1.111113000000000e+04             $1,000.00
---
>   'wb_numeric'                10000     100              10000000  12345.06789            1.111100e+02     1.111113000000000e+04               $500.00
1906c1906
<   'wb_numeric'                10000     100              10000000  12345.06789            1.111100e+02     1.111113000000000e+04             $1,000.00
---
>   'wb_numeric'                10000     100              10000000  12345.06789            1.111100e+02     1.111113000000000e+04               $500.00
1914c1914
<   'wb_numeric'                10000     100              10000000  12345.06789            1.111100e+02     1.111113000000000e+04             $1,000.00
---
>   'wb_numeric'                10000     100              10000000  12345.06789            1.111100e+02     1.111113000000000e+04               $500.00
1942c1942
<   'wb_numeric'                10000     100              10000000  12345.06789            1.111100e+02     1.111113000000000e+04             $1,000.00
---
>   'wb_numeric'                10000     100              10000000  12345.06789            1.111100e+02     1.111113000000000e+04               $500.00
1950c1950
<   'wb_numeric'                10000     100              10000000  12345.06789            1.111100e+02     1.111113000000000e+04             $1,000.00
---
>   'wb_numeric'                10000     100              10000000  12345.06789            1.111100e+02     1.111113000000000e+04               $500.00
1978c1978
<   'wb_numeric'                10000     100              10000000  12345.06789            1.111100e+02     1.111113000000000e+04             $1,000.00
---
>   'wb_numeric'                10000     100              10000000  12345.06789            1.111100e+02     1.111113000000000e+04               $500.00
1986c1986
<   'wb_numeric'                10000     100              10000000  12345.06789            1.111100e+02     1.111113000000000e+04             $1,000.00
---
>   'wb_numeric'                10000     100              10000000  12345.06789            1.111100e+02     1.111113000000000e+04               $500.00
2014c2014
<   'wb_numeric'                10000     100              10000000  12345.06789            1.111100e+02     1.111113000000000e+04             $1,000.00
---
>   'wb_numeric'                10000     100              10000000  12345.06789            1.111100e+02     1.111113000000000e+04               $500.00
2022c2022
<   'wb_numeric'                10000     100              10000000  12345.06789            1.111100e+02     1.111113000000000e+04             $1,000.00
---
>   'wb_numeric'                10000     100              10000000  12345.06789            1.111100e+02     1.111113000000000e+04               $500.00
2052,2053c2052,2053
<   'wb_numeric'                10000     100              10000000  12345.06789            1.111100e+02     1.111113000000000e+04                  NULL
<   'wb_numeric'                20000       1              80000000  12345.06789            1.111700e+02     1.111112400000000e+04                  NULL
---
>   'wb_numeric'                10000     100              10000000  12345.06789            1.111100e+02     1.111113000000000e+04               $500.00
>   'wb_numeric'                20000       1              80000000  12345.06789            1.111700e+02     1.111112400000000e+04               $500.00
2061,2062c2061,2062
<   'wb_numeric'                20000       1              80000000  12345.06789            1.111700e+02     1.111112400000000e+04                  NULL
<   'wb_numeric'                10000     100              10000000  12345.06789            1.111100e+02     1.111113000000000e+04                  NULL
---
>   'wb_numeric'                20000       1              80000000  12345.06789            1.111700e+02     1.111112400000000e+04               $500.00
>   'wb_numeric'                10000     100              10000000  12345.06789            1.111100e+02     1.111113000000000e+04               $500.00
2090,2091c2090,2091
<   'wb_numeric'                10000     100              10000000  12345.06789            1.111100e+02     1.111113000000000e+04                  NULL
<   'wb_numeric'                20000       1              80000000  12345.06789            1.111700e+02     1.111112400000000e+04                  NULL
---
>   'wb_numeric'                10000     100              10000000  12345.06789            1.111100e+02     1.111113000000000e+04               $500.00
>   'wb_numeric'                20000       1              80000000  12345.06789            1.111700e+02     1.111112400000000e+04               $500.00
2099,2100c2099,2100
<   'wb_numeric'                20000       1              80000000  12345.06789            1.111700e+02     1.111112400000000e+04                  NULL
<   'wb_numeric'                10000     100              10000000  12345.06789            1.111100e+02     1.111113000000000e+04                  NULL
---
>   'wb_numeric'                20000       1              80000000  12345.06789            1.111700e+02     1.111112400000000e+04               $500.00
>   'wb_numeric'                10000     100              10000000  12345.06789            1.111100e+02     1.111113000000000e+04               $500.00
2128,2129c2128,2129
<   'wb_numeric'                10000     100              10000000  12345.06789            1.111100e+02     1.111113000000000e+04                  NULL
<   'wb_numeric'                20000       1              80000000  12345.06789            1.111700e+02     1.111112400000000e+04                  NULL
---
>   'wb_numeric'                10000     100              10000000  12345.06789            1.111100e+02     1.111113000000000e+04               $500.00
>   'wb_numeric'                20000       1              80000000  12345.06789            1.111700e+02     1.111112400000000e+04               $500.00
2137,2138c2137,2138
<   'wb_numeric'                20000       1              80000000  12345.06789            1.111700e+02     1.111112400000000e+04                  NULL
<   'wb_numeric'                10000     100              10000000  12345.06789            1.111100e+02     1.111113000000000e+04                  NULL
---
>   'wb_numeric'                20000       1              80000000  12345.06789            1.111700e+02     1.111112400000000e+04               $500.00
>   'wb_numeric'                10000     100              10000000  12345.06789            1.111100e+02     1.111113000000000e+04               $500.00
2168,2170c2168,2170
<   'wb_numeric'                10000     100              10000000  12345.06789            1.111100e+02     1.111113000000000e+04             $1,000.00
<   'wb_numeric'                20000       1              80000000  12345.06789            1.111700e+02     1.111112400000000e+04             $1,000.00
<   'wb_numeric'                30000     100              30000000  12345.06789            1.112000e+02     1.111112100000000e+04             $1,000.00
---
>   'wb_numeric'                10000     100              10000000  12345.06789            1.111100e+02     1.111113000000000e+04               $500.00
>   'wb_numeric'                20000       1              80000000  12345.06789            1.111700e+02     1.111112400000000e+04               $500.00
>   'wb_numeric'                30000     100              30000000  12345.06789            1.112000e+02     1.111112100000000e+04               $500.00
2178,2180c2178,2180
<   'wb_numeric'                30000     100              30000000  12345.06789            1.112000e+02     1.111112100000000e+04             $1,000.00
<   'wb_numeric'                20000       1              80000000  12345.06789            1.111700e+02     1.111112400000000e+04             $1,000.00
<   'wb_numeric'                10000     100              10000000  12345.06789            1.111100e+02     1.111113000000000e+04             $1,000.00
---
>   'wb_numeric'                30000     100              30000000  12345.06789            1.112000e+02     1.111112100000000e+04               $500.00
>   'wb_numeric'                20000       1              80000000  12345.06789            1.111700e+02     1.111112400000000e+04               $500.00
>   'wb_numeric'                10000     100              10000000  12345.06789            1.111100e+02     1.111113000000000e+04               $500.00
2208,2210c2208,2210
<   'wb_numeric'                10000     100              10000000  12345.06789            1.111100e+02     1.111113000000000e+04             $1,000.00
<   'wb_numeric'                20000       1              80000000  12345.06789            1.111700e+02     1.111112400000000e+04             $1,000.00
<   'wb_numeric'                30000     100              30000000  12345.06789            1.112000e+02     1.111112100000000e+04             $1,000.00
---
>   'wb_numeric'                10000     100              10000000  12345.06789            1.111100e+02     1.111113000000000e+04               $500.00
>   'wb_numeric'                20000       1              80000000  12345.06789            1.111700e+02     1.111112400000000e+04               $500.00
>   'wb_numeric'                30000     100              30000000  12345.06789            1.112000e+02     1.111112100000000e+04               $500.00
2218,2220c2218,2220
<   'wb_numeric'                30000     100              30000000  12345.06789            1.112000e+02     1.111112100000000e+04             $1,000.00
<   'wb_numeric'                20000       1              80000000  12345.06789            1.111700e+02     1.111112400000000e+04             $1,000.00
<   'wb_numeric'                10000     100              10000000  12345.06789            1.111100e+02     1.111113000000000e+04             $1,000.00
---
>   'wb_numeric'                30000     100              30000000  12345.06789            1.112000e+02     1.111112100000000e+04               $500.00
>   'wb_numeric'                20000       1              80000000  12345.06789            1.111700e+02     1.111112400000000e+04               $500.00
>   'wb_numeric'                10000     100              10000000  12345.06789            1.111100e+02     1.111113000000000e+04               $500.00
2248,2250c2248,2250
<   'wb_numeric'                10000     100              10000000  12345.06789            1.111100e+02     1.111113000000000e+04             $1,000.00
<   'wb_numeric'                20000       1              80000000  12345.06789            1.111700e+02     1.111112400000000e+04             $1,000.00
<   'wb_numeric'                30000     100              30000000  12345.06789            1.112000e+02     1.111112100000000e+04             $1,000.00
---
>   'wb_numeric'                10000     100              10000000  12345.06789            1.111100e+02     1.111113000000000e+04               $500.00
>   'wb_numeric'                20000       1              80000000  12345.06789            1.111700e+02     1.111112400000000e+04               $500.00
>   'wb_numeric'                30000     100              30000000  12345.06789            1.112000e+02     1.111112100000000e+04               $500.00
2258,2260c2258,2260
<   'wb_numeric'                30000     100              30000000  12345.06789            1.112000e+02     1.111112100000000e+04             $1,000.00
<   'wb_numeric'                20000       1              80000000  12345.06789            1.111700e+02     1.111112400000000e+04             $1,000.00
<   'wb_numeric'                10000     100              10000000  12345.06789            1.111100e+02     1.111113000000000e+04             $1,000.00
---
>   'wb_numeric'                30000     100              30000000  12345.06789            1.112000e+02     1.111112100000000e+04               $500.00
>   'wb_numeric'                20000       1              80000000  12345.06789            1.111700e+02     1.111112400000000e+04               $500.00
>   'wb_numeric'                10000     100              10000000  12345.06789            1.111100e+02     1.111113000000000e+04               $500.00
2290,2293c2290,2293
<   'wb_numeric'                10000     100              10000000  12345.06789            1.111100e+02     1.111113000000000e+04             $1,000.00
<   'wb_numeric'                20000       1              80000000  12345.06789            1.111700e+02     1.111112400000000e+04             $1,000.00
<   'wb_numeric'                30000     100              30000000  12345.06789            1.112000e+02     1.111112100000000e+04             $1,000.00
<   'wb_numeric'                40000       2              10000000  NULL                   1.112400e+02     1.111111800000000e+04             $1,000.00
---
>   'wb_numeric'                10000     100              10000000  12345.06789            1.111100e+02     1.111113000000000e+04               $500.00
>   'wb_numeric'                20000       1              80000000  12345.06789            1.111700e+02     1.111112400000000e+04               $500.00
>   'wb_numeric'                30000     100              30000000  12345.06789            1.112000e+02     1.111112100000000e+04               $500.00
>   'wb_numeric'                40000       2              10000000  NULL                   1.112400e+02     1.111111800000000e+04               $500.00
2301,2304c2301,2304
<   'wb_numeric'                40000       2              10000000  NULL                   1.112400e+02     1.111111800000000e+04             $1,000.00
<   'wb_numeric'                30000     100              30000000  12345.06789            1.112000e+02     1.111112100000000e+04             $1,000.00
<   'wb_numeric'                20000       1              80000000  12345.06789            1.111700e+02     1.111112400000000e+04             $1,000.00
<   'wb_numeric'                10000     100              10000000  12345.06789            1.111100e+02     1.111113000000000e+04             $1,000.00
---
>   'wb_numeric'                40000       2              10000000  NULL                   1.112400e+02     1.111111800000000e+04               $500.00
>   'wb_numeric'                30000     100              30000000  12345.06789            1.112000e+02     1.111112100000000e+04               $500.00
>   'wb_numeric'                20000       1              80000000  12345.06789            1.111700e+02     1.111112400000000e+04               $500.00
>   'wb_numeric'                10000     100              10000000  12345.06789            1.111100e+02     1.111113000000000e+04               $500.00
2334,2338c2334,2338
<   'wb_numeric'                10000     100              10000000  12345.06789            1.111100e+02     1.111113000000000e+04             $1,000.00
<   'wb_numeric'                20000       1              80000000  12345.06789            1.111700e+02     1.111112400000000e+04             $1,000.00
<   'wb_numeric'                30000     100              30000000  12345.06789            1.112000e+02     1.111112100000000e+04             $1,000.00
<   'wb_numeric'                40000       2              10000000  NULL                   1.112400e+02     1.111111800000000e+04             $1,000.00
<   'wb_numeric'                50000     100              20000000  12345.06789            1.112500e+02     1.111111700000000e+04             $1,000.00
---
>   'wb_numeric'                10000     100              10000000  12345.06789            1.111100e+02     1.111113000000000e+04               $500.00
>   'wb_numeric'                20000       1              80000000  12345.06789            1.111700e+02     1.111112400000000e+04               $500.00
>   'wb_numeric'                30000     100              30000000  12345.06789            1.112000e+02     1.111112100000000e+04               $500.00
>   'wb_numeric'                40000       2              10000000  NULL                   1.112400e+02     1.111111800000000e+04               $500.00
>   'wb_numeric'                50000     100              20000000  12345.06789            1.112500e+02     1.111111700000000e+04               $500.00
2346,2350c2346,2350
<   'wb_numeric'                50000     100              20000000  12345.06789            1.112500e+02     1.111111700000000e+04             $1,000.00
<   'wb_numeric'                40000       2              10000000  NULL                   1.112400e+02     1.111111800000000e+04             $1,000.00
<   'wb_numeric'                30000     100              30000000  12345.06789            1.112000e+02     1.111112100000000e+04             $1,000.00
<   'wb_numeric'                20000       1              80000000  12345.06789            1.111700e+02     1.111112400000000e+04             $1,000.00
<   'wb_numeric'                10000     100              10000000  12345.06789            1.111100e+02     1.111113000000000e+04             $1,000.00
---
>   'wb_numeric'                50000     100              20000000  12345.06789            1.112500e+02     1.111111700000000e+04               $500.00
>   'wb_numeric'                40000       2              10000000  NULL                   1.112400e+02     1.111111800000000e+04               $500.00
>   'wb_numeric'                30000     100              30000000  12345.06789            1.112000e+02     1.111112100000000e+04               $500.00
>   'wb_numeric'                20000       1              80000000  12345.06789            1.111700e+02     1.111112400000000e+04               $500.00
>   'wb_numeric'                10000     100              10000000  12345.06789            1.111100e+02     1.111113000000000e+04               $500.00
2378,2382c2378,2382
<   'wb_numeric'                10000     100              10000000  12345.06789            1.111100e+02     1.111113000000000e+04             $1,000.00
<   'wb_numeric'                20000       1              80000000  12345.06789            1.111700e+02     1.111112400000000e+04             $1,000.00
<   'wb_numeric'                30000     100              30000000  12345.06789            1.112000e+02     1.111112100000000e+04             $1,000.00
<   'wb_numeric'                40000       2              10000000  NULL                   1.112400e+02     1.111111800000000e+04             $1,000.00
<   'wb_numeric'                50000     100              20000000  12345.06789            1.112500e+02     1.111111700000000e+04             $1,000.00
---
>   'wb_numeric'                10000     100              10000000  12345.06789            1.111100e+02     1.111113000000000e+04               $500.00
>   'wb_numeric'                20000       1              80000000  12345.06789            1.111700e+02     1.111112400000000e+04               $500.00
>   'wb_numeric'                30000     100              30000000  12345.06789            1.112000e+02     1.111112100000000e+04               $500.00
>   'wb_numeric'                40000       2              10000000  NULL                   1.112400e+02     1.111111800000000e+04               $500.00
>   'wb_numeric'                50000     100              20000000  12345.06789            1.112500e+02     1.111111700000000e+04               $500.00
2390,2394c2390,2394
<   'wb_numeric'                50000     100              20000000  12345.06789            1.112500e+02     1.111111700000000e+04             $1,000.00
<   'wb_numeric'                40000       2              10000000  NULL                   1.112400e+02     1.111111800000000e+04             $1,000.00
<   'wb_numeric'                30000     100              30000000  12345.06789            1.112000e+02     1.111112100000000e+04             $1,000.00
<   'wb_numeric'                20000       1              80000000  12345.06789            1.111700e+02     1.111112400000000e+04             $1,000.00
<   'wb_numeric'                10000     100              10000000  12345.06789            1.111100e+02     1.111113000000000e+04             $1,000.00
---
>   'wb_numeric'                50000     100              20000000  12345.06789            1.112500e+02     1.111111700000000e+04               $500.00
>   'wb_numeric'                40000       2              10000000  NULL                   1.112400e+02     1.111111800000000e+04               $500.00
>   'wb_numeric'                30000     100              30000000  12345.06789            1.112000e+02     1.111112100000000e+04               $500.00
>   'wb_numeric'                20000       1              80000000  12345.06789            1.111700e+02     1.111112400000000e+04               $500.00
>   'wb_numeric'                10000     100              10000000  12345.06789            1.111100e+02     1.111113000000000e+04               $500.00
2422,2426c2422,2426
<   'wb_numeric'                10000     100              10000000  12345.06789            1.111100e+02     1.111113000000000e+04             $1,000.00
<   'wb_numeric'                20000       1              80000000  12345.06789            1.111700e+02     1.111112400000000e+04             $1,000.00
<   'wb_numeric'                30000     100              30000000  12345.06789            1.112000e+02     1.111112100000000e+04             $1,000.00
<   'wb_numeric'                40000       2              10000000  NULL                   1.112400e+02     1.111111800000000e+04             $1,000.00
<   'wb_numeric'                50000     100              20000000  12345.06789            1.112500e+02     1.111111700000000e+04             $1,000.00
---
>   'wb_numeric'                10000     100              10000000  12345.06789            1.111100e+02     1.111113000000000e+04               $500.00
>   'wb_numeric'                20000       1              80000000  12345.06789            1.111700e+02     1.111112400000000e+04               $500.00
>   'wb_numeric'                30000     100              30000000  12345.06789            1.112000e+02     1.111112100000000e+04               $500.00
>   'wb_numeric'                40000       2              10000000  NULL                   1.112400e+02     1.111111800000000e+04               $500.00
>   'wb_numeric'                50000     100              20000000  12345.06789            1.112500e+02     1.111111700000000e+04               $500.00
2434,2438c2434,2438
<   'wb_numeric'                50000     100              20000000  12345.06789            1.112500e+02     1.111111700000000e+04             $1,000.00
<   'wb_numeric'                40000       2              10000000  NULL                   1.112400e+02     1.111111800000000e+04             $1,000.00
<   'wb_numeric'                30000     100              30000000  12345.06789            1.112000e+02     1.111112100000000e+04             $1,000.00
<   'wb_numeric'                20000       1              80000000  12345.06789            1.111700e+02     1.111112400000000e+04             $1,000.00
<   'wb_numeric'                10000     100              10000000  12345.06789            1.111100e+02     1.111113000000000e+04             $1,000.00
---
>   'wb_numeric'                50000     100              20000000  12345.06789            1.112500e+02     1.111111700000000e+04               $500.00
>   'wb_numeric'                40000       2              10000000  NULL                   1.112400e+02     1.111111800000000e+04               $500.00
>   'wb_numeric'                30000     100              30000000  12345.06789            1.112000e+02     1.111112100000000e+04               $500.00
>   'wb_numeric'                20000       1              80000000  12345.06789            1.111700e+02     1.111112400000000e+04               $500.00
>   'wb_numeric'                10000     100              10000000  12345.06789            1.111100e+02     1.111113000000000e+04               $500.00
2466,2470c2466,2470
<   'wb_numeric'                10000     100              10000000  12345.06789            1.111100e+02     1.111113000000000e+04             $1,000.00
<   'wb_numeric'                20000       1              80000000  12345.06789            1.111700e+02     1.111112400000000e+04             $1,000.00
<   'wb_numeric'                30000     100              30000000  12345.06789            1.112000e+02     1.111112100000000e+04             $1,000.00
<   'wb_numeric'                40000       2              10000000  NULL                   1.112400e+02     1.111111800000000e+04             $1,000.00
<   'wb_numeric'                50000     100              20000000  12345.06789            1.112500e+02     1.111111700000000e+04             $1,000.00
---
>   'wb_numeric'                10000     100              10000000  12345.06789            1.111100e+02     1.111113000000000e+04               $500.00
>   'wb_numeric'                20000       1              80000000  12345.06789            1.111700e+02     1.111112400000000e+04               $500.00
>   'wb_numeric'                30000     100              30000000  12345.06789            1.112000e+02     1.111112100000000e+04               $500.00
>   'wb_numeric'                40000       2              10000000  NULL                   1.112400e+02     1.111111800000000e+04               $500.00
>   'wb_numeric'                50000     100              20000000  12345.06789            1.112500e+02     1.111111700000000e+04               $500.00
2478,2482c2478,2482
<   'wb_numeric'                50000     100              20000000  12345.06789            1.112500e+02     1.111111700000000e+04             $1,000.00
<   'wb_numeric'                40000       2              10000000  NULL                   1.112400e+02     1.111111800000000e+04             $1,000.00
<   'wb_numeric'                30000     100              30000000  12345.06789            1.112000e+02     1.111112100000000e+04             $1,000.00
<   'wb_numeric'                20000       1              80000000  12345.06789            1.111700e+02     1.111112400000000e+04             $1,000.00
<   'wb_numeric'                10000     100              10000000  12345.06789            1.111100e+02     1.111113000000000e+04             $1,000.00
---
>   'wb_numeric'                50000     100              20000000  12345.06789            1.112500e+02     1.111111700000000e+04               $500.00
>   'wb_numeric'                40000       2              10000000  NULL                   1.112400e+02     1.111111800000000e+04               $500.00
>   'wb_numeric'                30000     100              30000000  12345.06789            1.112000e+02     1.111112100000000e+04               $500.00
>   'wb_numeric'                20000       1              80000000  12345.06789            1.111700e+02     1.111112400000000e+04               $500.00
>   'wb_numeric'                10000     100              10000000  12345.06789            1.111100e+02     1.111113000000000e+04               $500.00
2510,2514c2510,2514
<   'wb_numeric'                10000     100              10000000  12345.06789            1.111100e+02     1.111113000000000e+04             $1,000.00
<   'wb_numeric'                20000       1              80000000  12345.06789            1.111700e+02     1.111112400000000e+04             $1,000.00
<   'wb_numeric'                30000     100              30000000  12345.06789            1.112000e+02     1.111112100000000e+04             $1,000.00
<   'wb_numeric'                40000       2              10000000  NULL                   1.112400e+02     1.111111800000000e+04             $1,000.00
<   'wb_numeric'                50000     100              20000000  12345.06789            1.112500e+02     1.111111700000000e+04             $1,000.00
---
>   'wb_numeric'                10000     100              10000000  12345.06789            1.111100e+02     1.111113000000000e+04               $500.00
>   'wb_numeric'                20000       1              80000000  12345.06789            1.111700e+02     1.111112400000000e+04               $500.00
>   'wb_numeric'                30000     100              30000000  12345.06789            1.112000e+02     1.111112100000000e+04               $500.00
>   'wb_numeric'                40000       2              10000000  NULL                   1.112400e+02     1.111111800000000e+04               $500.00
>   'wb_numeric'                50000     100              20000000  12345.06789            1.112500e+02     1.111111700000000e+04               $500.00
2522,2526c2522,2526
<   'wb_numeric'                50000     100              20000000  12345.06789            1.112500e+02     1.111111700000000e+04             $1,000.00
<   'wb_numeric'                40000       2              10000000  NULL                   1.112400e+02     1.111111800000000e+04             $1,000.00
<   'wb_numeric'                30000     100              30000000  12345.06789            1.112000e+02     1.111112100000000e+04             $1,000.00
<   'wb_numeric'                20000       1              80000000  12345.06789            1.111700e+02     1.111112400000000e+04             $1,000.00
<   'wb_numeric'                10000     100              10000000  12345.06789            1.111100e+02     1.111113000000000e+04             $1,000.00
---
>   'wb_numeric'                50000     100              20000000  12345.06789            1.112500e+02     1.111111700000000e+04               $500.00
>   'wb_numeric'                40000       2              10000000  NULL                   1.112400e+02     1.111111800000000e+04               $500.00
>   'wb_numeric'                30000     100              30000000  12345.06789            1.112000e+02     1.111112100000000e+04               $500.00
>   'wb_numeric'                20000       1              80000000  12345.06789            1.111700e+02     1.111112400000000e+04               $500.00
>   'wb_numeric'                10000     100              10000000  12345.06789            1.111100e+02     1.111113000000000e+04               $500.00
2554,2558c2554,2558
<   'wb_numeric'                10000     100              10000000  12345.06789            1.111100e+02     1.111113000000000e+04             $1,000.00
<   'wb_numeric'                20000       1              80000000  12345.06789            1.111700e+02     1.111112400000000e+04             $1,000.00
<   'wb_numeric'                30000     100              30000000  12345.06789            1.112000e+02     1.111112100000000e+04             $1,000.00
<   'wb_numeric'                40000       2              10000000  NULL                   1.112400e+02     1.111111800000000e+04             $1,000.00
<   'wb_numeric'                50000     100              20000000  12345.06789            1.112500e+02     1.111111700000000e+04             $1,000.00
---
>   'wb_numeric'                10000     100              10000000  12345.06789            1.111100e+02     1.111113000000000e+04               $500.00
>   'wb_numeric'                20000       1              80000000  12345.06789            1.111700e+02     1.111112400000000e+04               $500.00
>   'wb_numeric'                30000     100              30000000  12345.06789            1.112000e+02     1.111112100000000e+04               $500.00
>   'wb_numeric'                40000       2              10000000  NULL                   1.112400e+02     1.111111800000000e+04               $500.00
>   'wb_numeric'                50000     100              20000000  12345.06789            1.112500e+02     1.111111700000000e+04               $500.00
2566,2570c2566,2570
<   'wb_numeric'                50000     100              20000000  12345.06789            1.112500e+02     1.111111700000000e+04             $1,000.00
<   'wb_numeric'                40000       2              10000000  NULL                   1.112400e+02     1.111111800000000e+04             $1,000.00
<   'wb_numeric'                30000     100              30000000  12345.06789            1.112000e+02     1.111112100000000e+04             $1,000.00
<   'wb_numeric'                20000       1              80000000  12345.06789            1.111700e+02     1.111112400000000e+04             $1,000.00
<   'wb_numeric'                10000     100              10000000  12345.06789            1.111100e+02     1.111113000000000e+04             $1,000.00
---
>   'wb_numeric'                50000     100              20000000  12345.06789            1.112500e+02     1.111111700000000e+04               $500.00
>   'wb_numeric'                40000       2              10000000  NULL                   1.112400e+02     1.111111800000000e+04               $500.00
>   'wb_numeric'                30000     100              30000000  12345.06789            1.112000e+02     1.111112100000000e+04               $500.00
>   'wb_numeric'                20000       1              80000000  12345.06789            1.111700e+02     1.111112400000000e+04               $500.00
>   'wb_numeric'                10000     100              10000000  12345.06789            1.111100e+02     1.111113000000000e+04               $500.00
2598,2602c2598,2602
<   'wb_numeric'                10000     100              10000000  12345.06789            1.111100e+02     1.111113000000000e+04             $1,000.00
<   'wb_numeric'                20000       1              80000000  12345.06789            1.111700e+02     1.111112400000000e+04             $1,000.00
<   'wb_numeric'                30000     100              30000000  12345.06789            1.112000e+02     1.111112100000000e+04             $1,000.00
<   'wb_numeric'                40000       2              10000000  NULL                   1.112400e+02     1.111111800000000e+04             $1,000.00
<   'wb_numeric'                50000     100              20000000  12345.06789            1.112500e+02     1.111111700000000e+04             $1,000.00
---
>   'wb_numeric'                10000     100              10000000  12345.06789            1.111100e+02     1.111113000000000e+04               $500.00
>   'wb_numeric'                20000       1              80000000  12345.06789            1.111700e+02     1.111112400000000e+04               $500.00
>   'wb_numeric'                30000     100              30000000  12345.06789            1.112000e+02     1.111112100000000e+04               $500.00
>   'wb_numeric'                40000       2              10000000  NULL                   1.112400e+02     1.111111800000000e+04               $500.00
>   'wb_numeric'                50000     100              20000000  12345.06789            1.112500e+02     1.111111700000000e+04               $500.00
2610,2614c2610,2614
<   'wb_numeric'                50000     100              20000000  12345.06789            1.112500e+02     1.111111700000000e+04             $1,000.00
<   'wb_numeric'                40000       2              10000000  NULL                   1.112400e+02     1.111111800000000e+04             $1,000.00
<   'wb_numeric'                30000     100              30000000  12345.06789            1.112000e+02     1.111112100000000e+04             $1,000.00
<   'wb_numeric'                20000       1              80000000  12345.06789            1.111700e+02     1.111112400000000e+04             $1,000.00
<   'wb_numeric'                10000     100              10000000  12345.06789            1.111100e+02     1.111113000000000e+04             $1,000.00
---
>   'wb_numeric'                50000     100              20000000  12345.06789            1.112500e+02     1.111111700000000e+04               $500.00
>   'wb_numeric'                40000       2              10000000  NULL                   1.112400e+02     1.111111800000000e+04               $500.00
>   'wb_numeric'                30000     100              30000000  12345.06789            1.112000e+02     1.111112100000000e+04               $500.00
>   'wb_numeric'                20000       1              80000000  12345.06789            1.111700e+02     1.111112400000000e+04               $500.00
>   'wb_numeric'                10000     100              10000000  12345.06789            1.111100e+02     1.111113000000000e+04               $500.00
